00 FF FF FF FF FF FF 00 10 AC 47 41 4C 33 30 30 
23 1B 01 04 B5 46 27 78 3A 76 45 AE 51 33 BA 26 
0D 50 54 A5 4B 00 81 00 B3 00 D1 00 A9 40 81 80 
D1 C0 01 01 01 01 4D D0 00 A0 F0 70 3E 80 30 20 
35 00 BA 89 21 00 00 1A 00 00 00 FF 00 59 34 30 
52 59 37 38 55 30 30 33 4C 0A 00 00 00 FC 00 44 
45 4C 4C 20 55 50 33 32 31 38 4B 0A 00 00 00 FD 
00 18 4B 1E B4 6C 01 0A 20 20 20 20 20 20 02 78 
02 03 1D F1 50 10 1F 20 05 14 04 13 12 11 03 02 
16 15 07 06 01 23 09 1F 07 83 01 00 00 A3 66 00 
A0 F0 70 1F 80 30 20 35 00 BA 89 21 00 00 1A 56 
5E 00 A0 A0 A0 29 50 30 20 35 00 BA 89 21 00 00 
1A 7C 39 00 A0 80 38 1F 40 30 20 3A 00 BA 89 21 
00 00 1A A8 16 00 A0 80 38 13 40 30 20 3A 00 BA 
89 21 00 00 1A 00 00 00 00 00 00 00 00 00 00 00 
00 00 00 00 00 00 00 00 00 00 00 00 00 00 00 47 
70 12 79 00 00 12 00 16 82 10 00 00 FF 0E DF 10 
00 00 00 00 00 44 45 4C 47 41 4C 33 30 30 03 01 
50 70 92 01 84 FF 1D C7 00 1D 80 09 00 DF 10 2F 
00 02 00 04 00 C1 42 01 84 FF 1D C7 00 2F 80 1F 
00 DF 10 30 00 02 00 04 00 A8 4E 01 04 FF 0E C7 
00 2F 80 1F 00 DF 10 61 00 02 00 09 00 97 9D 01 
04 FF 0E C7 00 2F 80 1F 00 DF 10 2F 00 02 00 09 
00 00 00 00 00 00 00 00 00 00 00 00 00 00 A1 90
